0
0
1
1
1
2
2
3
3
4
5
5
6
7
7
8
9
9
10
11
11
12
13
14
15
15
16
17
18
19
19
20
21
22
23
24
25
25
26
27
28
29
30
31
32
33
34
35
36
37
38
39
40
41
42
43
44
45
46
47
48
49
50
51
52
53
54
55
56
57
58
59
61
62
63
64
65
66
67
68
69
71
72
73
74
75
76
77
79
80
81
82
83
85
86
87
88
89
90
92
93
94
95
96
98
99
100
101
103
104
105
106
108
109
110
111
113
114
115
116
118
119
120
122
123
124
125
127
128
131
133
135
137
139
140
142
143
145
146
147
149
150
151
153
154
155
156
158
159
160
161
162
163
164
166
167
168
169
170
171
172
173
174
175
176
177
178
179
180
181
182
183
184
185
186
187
188
189
190
191
192
193
194
195
196
197
198
199
199
200
201
202
203
204
205
206
207
208
208
209
210
211
212
213
214
215
215
216
217
218
219
220
221
221
222
223
224
225
226
226
227
228
229
230
231
231
232
233
234
235
235
236
237
238
239
240
240
241
242
243
244
244
245
246
247
247
248
249
250
251
251
252
253
254
254
255