0
0
0
0
0
0
0
0
0
0
0
0
0
0
0
0
0
0
0
0
0
0
0
0
0
0
0
1
1
1
1
1
1
1
1
1
2
2
2
2
2
2
3
3
3
3
4
4
4
4
5
5
5
6
6
7
7
8
8
9
9
10
10
11
11
12
13
13
14
15
15
16
17
18
19
20
21
22
23
24
25
26
27
28
29
31
32
33
34
36
37
39
40
42
43
45
47
48
50
52
54
56
58
60
62
64
66
68
71
73
75
78
80
83
85
88
91
93
96
99
102
105
108
111
115
118
121
125
128
160
167
172
176
179
181
184
186
188
190
191
193
195
196
197
199
200
201
202
203
204
205
206
207
208
209
210
211
212
213
213
214
215
216
216
217
218
218
219
220
220
221
222
222
223
224
224
225
225
226
226
227
227
228
229
229
230
230
231
231
232
232
233
233
233
234
234
235
235
236
236
237
237
237
238
238
239
239
240
240
240
241
241
241
242
242
243
243
243
244
244
244
245
245
246
246
246
247
247
247
248
248
248
249
249
249
250
250
250
251
251
251
252
252
252
252
253
253
253
254
254
254
255
255
255
255
255