0
0
0
0
0
0
0
0
0
0
0
0
0
0
1
1
1
1
1
1
1
1
2
2
2
2
2
3
3
3
3
4
4
4
5
5
5
6
6
7
7
7
8
8
9
9
10
10
11
12
12
13
13
14
15
15
16
17
18
18
19
20
21
22
23
24
24
25
26
27
28
29
30
31
33
34
35
36
37
38
40
41
42
43
45
46
47
49
50
52
53
55
56
58
59
61
62
64
66
67
69
71
73
74
76
78
80
82
84
86
88
90
92
94
96
98
100
102
104
107
109
111
114
116
118
121
123
126
128
146
152
157
160
163
166
168
170
172
174
176
178
179
181
182
184
185
186
188
189
190
191
192
194
195
196
197
198
199
200
201
202
202
203
204
205
206
207
208
208
209
210
211
212
212
213
214
214
215
216
217
217
218
219
219
220
221
221
222
223
223
224
224
225
226
226
227
227
228
229
229
230
230
231
231
232
232
233
234
234
235
235
236
236
237
237
238
238
239
239
240
240
241
241
242
242
243
243
243
244
244
245
245
246
246
247
247
248
248
248
249
249
250
250
251
251
251
252
252
253
253
254
254
254
255
255
255