0
0
0
0
0
0
0
0
0
0
0
0
0
0
0
0
0
0
0
0
0
0
0
0
0
0
0
0
0
0
0
0
0
0
0
0
0
0
0
0
0
0
0
0
0
0
0
0
0
0
0
1
1
1
1
1
1
1
1
1
1
2
2
2
2
2
3
3
3
3
4
4
4
5
5
5
6
6
7
7
8
9
9
10
11
11
12
13
14
15
16
17
18
19
21
22
23
25
26
28
30
32
34
36
38
40
42
44
47
50
52
55
58
61
65
68
72
75
79
83
87
92
96
101
106
111
117
122
128
184
191
196
199
202
204
206
208
210
211
212
214
215
216
217
218
219
220
221
221
222
223
224
224
225
226
226
227
228
228
229
229
230
230
231
231
232
232
233
233
234
234
234
235
235
236
236
236
237
237
238
238
238
239
239
239
240
240
240
241
241
241
242
242
242
242
243
243
243
244
244
244
244
245
245
245
245
246
246
246
246
247
247
247
247
248
248
248
248
249
249
249
249
249
250
250
250
250
251
251
251
251
251
252
252
252
252
252
253
253
253
253
253
254
254
254
254
254
254
255
255
255
255
255
255
255
255