0
0
0
0
0
0
0
0
0
0
0
0
0
0
0
0
0
0
0
1
1
1
1
1
1
1
1
1
2
2
2
2
2
3
3
3
3
4
4
4
4
5
5
5
6
6
7
7
7
8
8
9
9
10
10
11
12
12
13
14
14
15
16
16
17
18
19
20
20
21
22
23
24
25
26
27
28
29
30
32
33
34
35
36
38
39
40
42
43
45
46
48
49
51
52
54
56
57
59
61
63
64
66
68
70
72
74
76
78
80
82
85
87
89
91
94
96
99
101
104
106
109
111
114
117
119
122
125
128
152
159
163
167
170
173
175
177
179
181
183
185
186
188
189
190
192
193
194
195
197
198
199
200
201
202
203
204
205
206
206
207
208
209
210
211
211
212
213
214
214
215
216
217
217
218
219
219
220
221
221
222
222
223
224
224
225
225
226
227
227
228
228
229
229
230
230
231
231
232
232
233
233
234
234
235
235
236
236
237
237
238
238
239
239
240
240
240
241
241
242
242
243
243
243
244
244
245
245
246
246
246
247
247
248
248
248
249
249
249
250
250
251
251
251
252
252
252
253
253
254
254
254
255
255
255
255