0
0
10
12
15
17
19
21
23
24
26
28
29
31
32
34
35
36
38
39
40
41
43
44
45
46
47
48
50
51
52
53
54
55
56
57
58
59
60
61
62
63
64
65
66
67
68
68
69
70
71
72
73
74
75
75
76
77
78
79
80
81
81
82
83
84
85
85
86
87
88
89
89
90
91
92
92
93
94
95
95
96
97
98
98
99
100
101
101
102
103
103
104
105
106
106
107
108
108
109
110
110
111
112
112
113
114
114
115
116
116
117
118
118
119
120
120
121
122
122
123
124
124
125
125
126
127
127
128
128
128
128
128
129
129
129
130
130
130
131
131
131
132
132
133
133
134
134
135
135
136
136
137
137
138
139
139
140
141
141
142
143
143
144
145
146
146
147
148
149
150
150
151
152
153
154
155
156
156
157
158
159
160
161
162
163
164
165
166
167
168
169
170
171
172
173
175
176
177
178
179
180
181
182
184
185
186
187
188
190
191
192
193
194
196
197
198
200
201
202
203
205
206
207
209
210
211
213
214
216
217
218
220
221
223
224
226
227
228
230
231
233
234
236
237
239
240
242
243
245
247
248
250
251
253
254