0
0
31
35
39
42
45
47
49
51
53
55
57
58
60
61
62
64
65
66
67
69
70
71
72
73
74
75
76
77
78
78
79
80
81
82
83
83
84
85
86
86
87
88
89
89
90
91
91
92
93
93
94
94
95
96
96
97
97
98
99
99
100
100
101
101
102
102
103
103
104
104
105
105
106
106
107
107
108
108
109
109
110
110
111
111
112
112
112
113
113
114
114
115
115
115
116
116
117
117
118
118
118
119
119
120
120
120
121
121
121
122
122
123
123
123
124
124
124
125
125
126
126
126
127
127
127
128
128
128
128
128
128
128
128
128
128
128
128
128
128
128
128
128
128
128
128
129
129
129
129
129
129
129
129
129
130
130
130
130
130
131
131
131
131
132
132
132
132
133
133
133
134
134
135
135
135
136
136
137
137
138
138
139
140
140
141
142
142
143
144
144
145
146
147
148
148
149
150
151
152
153
154
155
156
157
158
160
161
162
163
164
166
167
168
170
171
173
174
176
177
179
180
182
184
185
187
189
191
192
194
196
198
200
202
204
206
208
210
213
215
217
219
222
224
227
229
232
234
237
239
242
245
247
250
253