0
0
10
14
18
21
23
26
28
30
32
33
35
37
38
40
41
43
44
46
47
48
49
51
52
53
54
55
56
58
59
60
61
62
63
64
65
66
67
68
68
69
70
71
72
73
74
75
76
76
77
78
79
80
80
81
82
83
84
84
85
86
87
87
88
89
90
90
91
92
92
93
94
95
95
96
97
97
98
99
99
100
101
101
102
103
103
104
104
105
106
106
107
108
108
109
109
110
111
111
112
112
113
114
114
115
115
116
116
117
118
118
119
119
120
120
121
122
122
123
123
124
124
125
125
126
126
127
127
128
128
128
128
128
128
128
129
129
129
129
129
129
130
130
130
130
131
131
131
132
132
133
133
133
134
134
135
135
136
136
137
137
138
138
139
139
140
141
141
142
143
143
144
145
146
146
147
148
149
149
150
151
152
153
154
155
156
156
157
158
159
160
161
162
163
164
165
166
168
169
170
171
172
173
174
176
177
178
179
180
182
183
184
185
187
188
189
191
192
194
195
196
198
199
201
202
204
205
207
208
210
211
213
214
216
217
219
221
222
224
226
227
229
231
232
234
236
238
239
241
243
245
247
249
250
252