0
0
39
44
48
51
53
56
58
60
62
63
65
67
68
69
71
72
73
74
75
76
77
78
79
80
81
82
83
84
85
85
86
87
88
88
89
90
90
91
92
92
93
94
94
95
96
96
97
97
98
98
99
99
100
101
101
102
102
103
103
104
104
105
105
105
106
106
107
107
108
108
109
109
109
110
110
111
111
112
112
112
113
113
113
114
114
115
115
115
116
116
116
117
117
118
118
118
119
119
119
120
120
120
121
121
121
122
122
122
123
123
123
124
124
124
124
125
125
125
126
126
126
127
127
127
127
128
128
128
128
128
128
128
128
128
128
128
128
128
128
128
128
128
128
128
128
128
128
128
128
128
128
128
128
129
129
129
129
129
129
129
129
129
130
130
130
130
130
130
131
131
131
131
132
132
132
132
133
133
133
134
134
135
135
136
136
137
137
138
138
139
139
140
141
141
142
143
143
144
145
146
147
148
149
150
151
152
153
154
155
156
157
159
160
161
162
164
165
167
168
170
171
173
175
176
178
180
182
184
186
188
190
192
194
196
199
201
203
206
208
211
213
216
219
221
224
227
230
233
236
239
243
246
249
253