0
0
49
53
57
60
63
65
67
69
71
72
74
75
77
78
79
80
81
82
83
84
85
86
87
88
88
89
90
91
91
92
93
93
94
95
95
96
97
97
98
98
99
99
100
100
101
101
102
102
103
103
104
104
105
105
106
106
106
107
107
108
108
109
109
109
110
110
110
111
111
112
112
112
113
113
113
114
114
114
115
115
115
116
116
116
117
117
117
118
118
118
119
119
119
119
120
120
120
121
121
121
121
122
122
122
123
123
123
123
124
124
124
124
125
125
125
125
126
126
126
126
127
127
127
127
128
128
128
128
128
128
128
128
128
128
128
128
128
128
128
128
128
128
128
128
128
128
128
128
128
128
128
128
128
128
128
128
128
128
128
128
128
128
129
129
129
129
129
129
129
129
129
129
130
130
130
130
130
130
131
131
131
131
132
132
132
133
133
133
134
134
134
135
135
136
136
137
138
138
139
139
140
141
142
142
143
144
145
146
147
148
149
150
151
152
154
155
156
158
159
160
162
164
165
167
169
170
172
174
176
178
180
183
185
187
190
192
195
197
200
203
206
209
212
215
218
222
225
229
232
236
240
244
248
252